Go o localhost /docs

/predict

paste input for fall:

{
  "accelerometer": [[0.1,0.2,0.3],[0.1,0.2,0.3],[0.1,0.2,0.3],[0.1,0.2,0.3],[0.1,0.2,0.3],
  [0.1,0.2,0.3],[0.1,0.2,0.3],[0.1,0.2,0.3],[0.1,0.2,0.3],[0.1,0.2,0.3],
  [0.1,0.2,0.3],[0.1,0.2,0.3],[0.1,0.2,0.3],[0.1,0.2,0.3],[0.1,0.2,0.3],
  [0.1,0.2,0.3],[0.1,0.2,0.3],[0.1,0.2,0.3],[0.1,0.2,0.3],[0.1,0.2,0.3],
  [0.1,0.2,0.3],[0.1,0.2,0.3],[0.1,0.2,0.3],[0.1,0.2,0.3],[0.1,0.2,0.3],
  [0.1,0.2,0.3],[0.1,0.2,0.3],[0.1,0.2,0.3],[0.1,0.2,0.3],[0.1,0.2,0.3],
  [0.1,0.2,0.3],[0.1,0.2,0.3],[0.1,0.2,0.3],[0.1,0.2,0.3],[0.1,0.2,0.3],
  [0.1,0.2,0.3],[0.1,0.2,0.3],[0.1,0.2,0.3],[0.1,0.2,0.3],[0.1,0.2,0.3],
  [0.1,0.2,0.3],[0.1,0.2,0.3],[0.1,0.2,0.3],[0.1,0.2,0.3],[0.1,0.2,0.3],
  [0.1,0.2,0.3],[0.1,0.2,0.3],[0.1,0.2,0.3],[0.1,0.2,0.3],[0.1,0.2,0.3]],

  "gyroscope": [[0.01,0.02,0.03],[0.01,0.02,0.03],[0.01,0.02,0.03],[0.01,0.02,0.03],[0.01,0.02,0.03],
  [0.01,0.02,0.03],[0.01,0.02,0.03],[0.01,0.02,0.03],[0.01,0.02,0.03],[0.01,0.02,0.03],
  [0.01,0.02,0.03],[0.01,0.02,0.03],[0.01,0.02,0.03],[0.01,0.02,0.03],[0.01,0.02,0.03],
  [0.01,0.02,0.03],[0.01,0.02,0.03],[0.01,0.02,0.03],[0.01,0.02,0.03],[0.01,0.02,0.03],
  [0.01,0.02,0.03],[0.01,0.02,0.03],[0.01,0.02,0.03],[0.01,0.02,0.03],[0.01,0.02,0.03],
  [0.01,0.02,0.03],[0.01,0.02,0.03],[0.01,0.02,0.03],[0.01,0.02,0.03],[0.01,0.02,0.03],
  [0.01,0.02,0.03],[0.01,0.02,0.03],[0.01,0.02,0.03],[0.01,0.02,0.03],[0.01,0.02,0.03],
  [0.01,0.02,0.03],[0.01,0.02,0.03],[0.01,0.02,0.03],[0.01,0.02,0.03],[0.01,0.02,0.03],
  [0.01,0.02,0.03],[0.01,0.02,0.03],[0.01,0.02,0.03],[0.01,0.02,0.03],[0.01,0.02,0.03],
  [0.01,0.02,0.03],[0.01,0.02,0.03],[0.01,0.02,0.03],[0.01,0.02,0.03],[0.01,0.02,0.03]]
}


input for normal

{
  "accelerometer": [[0.2,0.3,0.5],[0.1,0.2,0.4],[0.3,0.2,0.6],[0.2,0.3,0.5],[0.1,0.2,0.4],
  [0.2,0.3,0.5],[0.1,0.2,0.4],[0.3,0.2,0.6],[0.2,0.3,0.5],[0.1,0.2,0.4],
  [0.2,0.3,0.5],[0.1,0.2,0.4],[0.3,0.2,0.6],[0.2,0.3,0.5],[0.1,0.2,0.4],
  [0.2,0.3,0.5],[0.1,0.2,0.4],[0.3,0.2,0.6],[0.2,0.3,0.5],[0.1,0.2,0.4],
  [0.2,0.3,0.5],[0.1,0.2,0.4],[0.3,0.2,0.6],[0.2,0.3,0.5],[0.1,0.2,0.4],
  [0.2,0.3,0.5],[0.1,0.2,0.4],[0.3,0.2,0.6],[0.2,0.3,0.5],[0.1,0.2,0.4],
  [0.2,0.3,0.5],[0.1,0.2,0.4],[0.3,0.2,0.6],[0.2,0.3,0.5],[0.1,0.2,0.4],
  [0.2,0.3,0.5],[0.1,0.2,0.4],[0.3,0.2,0.6],[0.2,0.3,0.5],[0.1,0.2,0.4],
  [0.2,0.3,0.5],[0.1,0.2,0.4],[0.3,0.2,0.6],[0.2,0.3,0.5],[0.1,0.2,0.4],
  [0.2,0.3,0.5],[0.1,0.2,0.4],[0.3,0.2,0.6],[0.2,0.3,0.5],[0.1,0.2,0.4]],

  "gyroscope": [[0.01,0.02,0.01],[0.02,0.01,0.02],[0.01,0.02,0.01],[0.02,0.01,0.02],[0.01,0.02,0.01],
  [0.01,0.02,0.01],[0.02,0.01,0.02],[0.01,0.02,0.01],[0.02,0.01,0.02],[0.01,0.02,0.01],
  [0.01,0.02,0.01],[0.02,0.01,0.02],[0.01,0.02,0.01],[0.02,0.01,0.02],[0.01,0.02,0.01],
  [0.01,0.02,0.01],[0.02,0.01,0.02],[0.01,0.02,0.01],[0.02,0.01,0.02],[0.01,0.02,0.01],
  [0.01,0.02,0.01],[0.02,0.01,0.02],[0.01,0.02,0.01],[0.02,0.01,0.02],[0.01,0.02,0.01],
  [0.01,0.02,0.01],[0.02,0.01,0.02],[0.01,0.02,0.01],[0.02,0.01,0.02],[0.01,0.02,0.01],
  [0.01,0.02,0.01],[0.02,0.01,0.02],[0.01,0.02,0.01],[0.02,0.01,0.02],[0.01,0.02,0.01],
  [0.01,0.02,0.01],[0.02,0.01,0.02],[0.01,0.02,0.01],[0.02,0.01,0.02],[0.01,0.02,0.01],
  [0.01,0.02,0.01],[0.02,0.01,0.02],[0.01,0.02,0.01],[0.02,0.01,0.02],[0.01,0.02,0.01],
  [0.01,0.02,0.01],[0.02,0.01,0.02],[0.01,0.02,0.01],[0.02,0.01,0.02],[0.01,0.02,0.01]]
}


Run server using command : uvicorn app:app --host 0.0.0.0 --port 8000 in order to connect mobile with it
 
var url = Uri.parse("http://192.168.0.104:8000/predict");   #just add valid ip information on backend and both should be in same network. 

